3 380 -399.977 966 -1.07374e+08 147 -1.07374e+08 5
0 911 514.379 174 0 300 0 6
7 972 535.662 214 0 349 0 15
1 247 -14.0859 261 0 283 0 6
3 760 463.576 72 0 7 0 5
7 134 -8.17898e+07 1472 0 179 0 14
3 727 264.277 347 0 271 0 4
2 590 364.256 24 0 3 0 3
6 1397 -9.56899e+07 1326 0 322 0 13
3 668 316.238 223 0 116 0 5
1 1124 -8.6826e+07 1439 0 161 0 6
0 1358 -5.8824e+07 349 0 348 0 6
0 1427 -7.27244e+07 688 0 48 0 6
7 1539 -6.42633e+07 1340 0 24 0 16
5 1531 -9.36754e+07 201 0 117 0 13
2 138 -8.27971e+07 1477 0 202 0 4
4 1540 -9.54884e+07 111 0 250 0 16
1 504 330.104 53 0 63 0 7
1 943 465.027 291 0 119 0 7
0 1457 -1.0959e+08 1197 0 169 0 6
7 322 -5.05648e+07 1317 0 250 0 14
5 1499 -8.72292e+07 1027 0 284 0 13
1 1064 163.124 844 0 130 0 7
3 864 323.86 389 0 195 0 6
1 1309 -4.89531e+07 970 0 68 0 7
3 1353 -5.78167e+07 40 0 343 0 4
5 413 34.1522 364 0 107 0 11
0 1464 -8.01782e+07 514 0 188 0 6
0 1359 -5.90254e+07 293 0 135 0 6
6 1329 -5.29821e+07 975 0 72 0 13
0 73 -3.38445e+07 1234 0 62 0 6
4 886 403.934 319 0 116 0 18
7 1403 -6.78895e+07 651 0 339 0 17
7 1385 -6.42635e+07 991 0 106 0 14
0 377 -180.67 639 0 32 0 6
1 38 -554.057 812 0 149 0 6
0 363 -9.26719e+06 1112 0 212 0 6
1 1459 -1.3316e+08 1078 0 14 0 6
7 895 563.951 76 0 229 0 14
0 1418 -7.09111e+07 335 0 44 0 6
5 178 17.5158 147 0 64 0 11
5 383 -332.258 839 0 201 0 10
1 256 -135.319 432 0 138 0 6
1 19 -9.67039e+06 1114 0 149 0 7
4 719 -2.01453e+07 1166 0 5 0 18
1 622 243.389 281 0 96 0 7
6 1152 -1.73245e+07 342 0 285 0 11
1 1204 -9.87117e+07 1418 0 1 0 7
3 1337 -5.45938e+07 1047 0 126 0 5
3 234 21.2682 199 0 138 0 5
2 138 -284.592 516 0 171 0 4
3 153 -426.536 749 0 203 0 5
2 154 -571.558 970 0 207 0 4
4 223 -8.17898e+07 1472 0 22 0 20
3 1341 -1.30944e+08 1441 0 33 0 4
2 777 116.059 623 0 196 0 4
0 694 -4.19022e+07 1274 0 159 0 6
2 1584 -1.04352e+08 38 0 350 0 3
2 382 -443.993 1035 0 319 0 4
5 1369 -9.93161e+07 1336 0 170 0 11
0 266 -184.803 508 0 237 0 6
6 768 102.984 631 0 203 0 12
5 108 -7.31274e+07 1429 0 305 0 13
4 990 653.377 49 0 200 0 20
5 1396 -6.64793e+07 337 0 93 0 13
0 190 -13.2505 204 0 163 0 6
3 332 -3.22364e+06 1082 0 264 0 5
1 6 -77.8318 110 0 313 0 7
2 1069 -604289 964 0 308 0 4
6 721 239.065 376 0 233 0 11
1 448 -1.04759e+07 1118 0 40 0 6
1 1543 -4.25065e+07 1444 0 206 0 7
7 1352 -5.76154e+07 451 0 162 0 18
4 1324 -5.19747e+07 654 0 307 0 18
5 41 -3.64634e+07 1247 0 66 0 10
5 164 -1.02745e+07 1117 0 2 0 10
0 1352 -5.76152e+07 136 0 327 0 6
0 309 156.485 91 0 145 0 6
0 1071 -1.00688e+06 558 0 5 0 6
4 330 21.2096 297 0 92 0 21
0 887 580.544 40 0 208 0 6
5 1466 -9.46827e+07 1262 0 83 0 11
1 1094 -5.64044e+06 738 0 192 0 6
3 1508 -8.9042e+07 819 0 36 0 5
6 445 253.752 97 0 92 0 10
2 971 88.356 849 0 203 0 4
7 299 -479.655 995 0 106 0 14
7 938 126.129 768 0 265 0 19
6 1361 -5.94284e+07 401 0 322 0 10
3 628 301.58 207 0 165 0 6
7 12 -144.451 205 0 117 0 14
2 698 308.909 260 0 186 0 4
3 1381 -6.34574e+07 145 0 245 0 5
7 455 -50.7153 535 0 324 0 14
6 980 311.958 570 0 160 0 12
3 1541 -9.56899e+07 83 0 250 0 5
3 224 -8.21927e+07 1474 0 57 0 4
3 1413 -1.64788e+08 1537 0 351 0 5
0 1018 420.717 452 0 108 0 6
2 1198 -1.0959e+08 1478 0 289 0 4
3 145 -29.7843 182 0 215 0 6
7 1086 -4.02843e+06 135 0 115 0 19
1 872 -8.98476e+07 1512 0 345 0 7
5 1232 -3.34408e+07 16 0 136 0 10
3 1584 -2.82034e+07 1474 0 40 0 5
7 512 -9.6701e+06 1114 0 178 0 19
4 121 -306.285 593 0 97 0 16
4 1126 -1.20868e+07 443 0 261 0 21
5 1157 -4.27079e+07 1187 0 206 0 13
5 578 -4.1298e+07 1271 0 339 0 11
2 1275 -4.21034e+07 409 0 52 0 4
3 1394 -6.60764e+07 410 0 208 0 6
2 1338 -1.2208e+08 1254 0 49 0 4
4 234 -2.09514e+07 1170 0 147 0 16
5 842 -3.4247e+06 1083 0 245 0 13
0 449 -407.1 1055 0 29 0 6
5 563 -2.37717e+07 1184 0 56 0 13
0 58 -8.7229e+07 1499 0 21 0 6
5 295 -8.48115e+07 1487 0 125 0 13
2 1577 -8.6826e+07 1190 0 114 0 4
3 1294 -4.59309e+07 186 0 141 0 5
3 756 -220.787 1036 0 54 0 4
2 713 -241.909 1021 0 126 0 3
5 778 171.127 520 0 146 0 13
2 1474 -6.30546e+07 1411 0 109 0 4
2 111 -4.29098e+07 1279 0 339 0 4
3 306 -109.888 447 0 98 0 5
3 1385 -6.42632e+07 56 0 219 0 5
2 85 -5.49968e+07 1339 0 120 0 3
1 1194 -2.57857e+07 704 0 182 0 7
6 964 461.495 322 0 284 0 12
5 808 -69.2865 892 0 205 0 10
1 811 508.12 63 0 334 0 6
4 1470 -7.03069e+07 1379 0 182 0 19
0 363 -121.13 551 0 39 0 6
2 443 69.0373 347 0 315 0 4
3 255 -5.25793e+07 1327 0 154 0 6
7 510 209.267 224 0 270 0 19
6 396 -5.64069e+07 1346 0 230 0 10
6 61 -228.893 366 0 86 0 10
1 640 210.556 342 0 19 0 6
0 589 -805824 1070 0 304 0 6
5 63 -572.306 868 0 195 0 13
6 1410 -6.92995e+07 101 0 151 0 13
0 1211 -9.73015e+07 1404 0 215 0 6
3 1241 -1.2208e+08 1497 0 179 0 4
7 1315 -1.42427e+08 1524 0 251 0 15
2 1315 -5.01615e+07 390 0 85 0 4
5 950 87.1101 830 0 34 0 12
5 601 -3.16283e+07 1223 0 266 0 11
6 395 -2.67935e+07 1199 0 233 0 11
4 708 436.547 52 0 248 0 16
7 962 -1.00726e+08 1566 0 216 0 15
4 1550 -1.95207e+08 1551 0 287 0 20
5 795 -4.55283e+07 1292 0 97 0 10
0 1069 -4.35137e+07 1279 0 252 0 6
5 1435 -7.4336e+07 699 0 287 0 11
6 1303 -4.7744e+07 47 0 320 0 12
5 419 -380.716 981 0 240 0 12
3 584 263.764 219 0 146 0 6
1 933 32.2027 884 0 80 0 6
2 1212 -1.28527e+08 1558 0 231 0 4
5 554 -25.9439 587 0 281 0 11
0 561 178.236 315 0 99 0 6
5 578 -6.09758 585 0 111 0 13
4 1262 -3.94844e+07 52 0 56 0 17
5 765 113.127 615 0 187 0 10
1 429 -400.284 1022 0 214 0 7
5 673 286.556 268 0 168 0 10
4 1041 -4.97588e+07 1313 0 278 0 18
4 789 -204.957 1048 0 321 0 21
3 179 -4.51257e+07 1290 0 339 0 5
4 1307 -4.85501e+07 766 0 268 0 19
0 1344 -5.60036e+07 39 0 198 0 6
0 828 -45.4972 881 0 209 0 6
5 363 147.749 158 0 192 0 10
3 220 -460.879 877 0 131 0 4
7 1471 -8.15884e+07 529 0 41 0 17
5 1197 -2.639e+07 48 0 1 0 13
1 173 -107.939 314 0 356 0 6
7 1063 23.3056 1023 0 60 0 16
1 1462 -7.97755e+07 1044 0 99 0 7
2 37 -8.70276e+07 1498 0 278 0 4
3 1219 -8.13868e+07 1317 0 178 0 4
1 194 -511.316 924 0 11 0 7
6 1349 -5.70112e+07 922 0 25 0 13
7 196 107.924 42 0 351 0 19
1 840 -54.9953 905 0 240 0 6
4 1552 -6.62779e+07 1317 0 258 0 18
4 1500 -8.74304e+07 833 0 146 0 21
3 742 365.048 223 0 17 0 5
3 645 190.402 374 0 127 0 6
2 484 -7.89695e+07 1458 0 90 0 4
5 460 267.897 93 0 332 0 12
5 199 -325.487 681 0 155 0 12
5 468 -223.528 768 0 253 0 12
7 1080 -2.82014e+06 793 0 179 0 18
7 326 -229.904 661 0 242 0 14
0 479 70.2979 382 0 116 0 6
2 611 -8.21927e+07 1474 0 89 0 4
2 786 56.8861 708 0 66 0 3
5 816 -138.544 989 0 291 0 12
5 1480 -8.34014e+07 437 0 83 0 12
3 1451 -8.94449e+07 1303 0 342 0 6
0 553 -8.25992e+06 1107 0 162 0 6
5 1349 -5.70111e+07 584 0 351 0 11
3 397 -177.386 651 0 271 0 5
0 1207 -2.84047e+07 768 0 291 0 6
3 483 17.5891 458 0 262 0 5
3 171 -8.58188e+07 1492 0 277 0 5
1 1025 98.4404 889 0 184 0 6
5 822 553.691 4 0 203 0 13
3 1587 -1.04957e+08 986 0 301 0 5
6 304 -144.245 491 0 288 0 11
7 91 -31.2353 131 0 125 0 18
0 665 411.336 40 0 200 0 6
3 1452 -7.77605e+07 144 0 6 0 6
0 683 -1.03748e+08 1581 0 243 0 6
1 709 -2.15554e+07 1173 0 343 0 6
2 459 39.2237 404 0 84 0 3
6 1359 -5.90256e+07 604 0 6 0 10
4 15 -7.45443e+06 1103 0 226 0 17
5 688 -55.8748 757 0 342 0 11
3 1092 -1.04755e+07 1092 0 11 0 6
3 385 108.496 234 0 199 0 6
3 43 -301.14 445 0 331 0 5
7 565 -6.88969e+07 1408 0 186 0 17
3 118 -636.726 1028 0 146 0 4
7 70 -128.855 241 0 242 0 14
6 830 -8.05811e+06 1106 0 340 0 11
2 1399 -1.62572e+08 1540 0 243 0 4
6 27 -377.902 532 0 292 0 13
1 946 220.011 655 0 112 0 7
2 582 -350.302 1032 0 350 0 4
1 845 -8.11852e+07 1469 0 156 0 7
6 75 -684.041 1051 0 39 0 13
3 49 -406.66 601 0 85 0 6
1 1108 -8.46049e+06 263 0 161 0 6
6 689 355.007 189 0 229 0 13
7 37 -5.94288e+07 1361 0 137 0 17
7 203 116.821 37 0 278 0 19
5 303 -4.27082e+07 1278 0 9 0 10
3 1363 -1.31347e+08 1421 0 296 0 5
6 240 -554.101 1041 0 281 0 13
0 546 65.7393 455 0 333 0 6
2 370 -364.534 870 0 345 0 4
7 201 -587.872 1048 0 46 0 19
3 1090 -4.83437e+06 347 0 346 0 6
3 1456 -1.68011e+08 1510 0 282 0 4
3 591 -3.22326e+07 1226 0 87 0 5
2 874 -7.11126e+07 1419 0 106 0 3
1 103 -29.9162 141 0 50 0 7
4 1311 -1.34973e+08 1217 0 354 0 21
5 218 23.2323 180 0 48 0 13
4 1333 -1.3457e+08 1467 0 14 0 21
3 1142 -1.53104e+07 587 0 60 0 4
5 195 -5.49968e+07 1339 0 62 0 12
3 1349 -5.70109e+07 336 0 37 0 6
2 514 328.052 66 0 140 0 3
1 352 -383.97 910 0 227 0 6
4 1102 -7.25188e+06 446 0 109 0 18
1 305 -604768 1069 0 101 0 6
2 686 101.079 553 0 311 0 4
3 607 -1.63179e+07 1147 0 160 0 5
4 866 421.465 267 0 187 0 17
5 74 40.1765 10 0 140 0 11
1 944 133.809 764 0 323 0 6
4 131 -251.598 465 0 332 0 18
7 636 78.9312 518 0 206 0 15
1 74 40.1765 10 0 301 0 7
2 566 -150.416 759 0 330 0 4
2 869 193.173 614 0 217 0 4
1 65 -8.7229e+07 1499 0 181 0 7
5 309 137.43 117 0 115 0 10
1 1355 -5.82196e+07 312 0 24 0 7
5 10 -3.56576e+07 1243 0 102 0 11
0 469 -4.25067e+07 1277 0 220 0 6
5 268 76.7325 158 0 278 0 11
1 1442 -1.54716e+08 1458 0 320 0 6
5 1187 -2.43757e+07 890 0 1 0 13
2 1159 -8.13868e+07 1377 0 133 0 3
7 1027 -22.7779 1047 0 131 0 14
2 1091 -5.03613e+06 790 0 256 0 3
0 1357 -1.11403e+08 1288 0 274 0 6
7 1109 -9.99204e+07 1519 0 64 0 17
7 924 176.052 690 0 4 0 17
7 693 -2.67932e+07 1199 0 2 0 16
4 1306 -1.20871e+08 1426 0 261 0 17
0 279 -1.53107e+07 1142 0 358 0 6
6 27 -624.941 907 0 346 0 13
6 917 -1.00726e+08 1566 0 4 0 11
1 144 -521.649 883 0 110 0 7
7 419 78.9458 309 0 74 0 15
7 191 -108.95 333 0 191 0 17
0 439 195.034 171 0 98 0 6
2 775 -16.7537 792 0 204 0 4
1 1065 632.387 173 0 89 0 6
3 908 -8.86389e+07 1506 0 56 0 6
3 359 -7.05085e+07 1416 0 217 0 5
6 631 136.462 435 0 247 0 13
2 872 -1.0677e+07 1119 0 75 0 3
0 1374 -6.20475e+07 862 0 146 0 6
6 401 176.888 157 0 127 0 13
1 706 -9.85102e+07 1555 0 36 0 7
7 39 -495.925 725 0 242 0 14
5 1050 -1.03547e+08 1580 0 61 0 10
5 169 -546.494 949 0 1 0 12
0 1449 -7.71563e+07 835 0 130 0 6
1 1221 -3.12252e+07 1011 0 122 0 7
0 911 610.811 21 0 294 0 6
5 385 -7.17172e+07 1422 0 220 0 12
4 864 -119.049 1011 0 69 0 17
0 800 -7.77606e+07 1452 0 224 0 6
3 702 157.642 470 0 224 0 6
2 104 -191.399 358 0 152 0 4
6 506 -7.05122e+06 1101 0 82 0 12
5 1527 -9.28695e+07 311 0 223 0 13
3 1495 -8.6423e+07 328 0 293 0 4
6 126 -8.70275e+07 1498 0 249 0 11
4 261 -44.9402 316 0 315 0 16
4 209 -9.04522e+07 1515 0 265 0 16
3 397 284.563 6 0 337 0 5
4 994 -4.42662 991 0 336 0 18
2 1553 -9.81074e+07 1005 0 46 0 4
1 218 -441.927 846 0 203 0 6
1 875 279.081 460 0 344 0 6
5 1145 -1.59148e+07 1044 0 129 0 12
4 399 -375 907 0 288 0 21
2 1422 -7.17169e+07 33 0 292 0 3
7 645 -291.408 1018 0 121 0 19
2 1355 -1.32757e+08 1184 0 45 0 4
2 10 -687.119 982 0 135 0 4
4 318 -8.74303e+07 1500 0 110 0 20
4 532 -117.935 684 0 354 0 21
3 783 53.0459 710 0 291 0 6
5 1425 -8.56173e+07 1348 0 216 0 10
2 1053 264.276 703 0 341 0 4
2 317 -4.81474e+07 1305 0 341 0 4
6 277 -6.42635e+07 1385 0 2 0 10
0 497 -387.034 1002 0 38 0 6
4 621 -240.56 929 0 7 0 19
3 408 175.525 166 0 42 0 6
4 1587 -1.04957e+08 733 0 90 0 18
2 1245 -1.66601e+08 1126 0 76 0 4
4 1575 -1.02539e+08 791 0 116 0 17
7 593 -171.787 813 0 198 0 15
1 116 -648.775 1044 0 115 0 7
3 45 -618.741 918 0 148 0 4
6 755 289.341 338 0 208 0 12
1 170 -174.425 400 0 189 0 7
2 1054 453.829 443 0 348 0 3
4 1180 -1.28325e+08 1589 0 16 0 18
0 594 379.28 5 0 350 0 6
3 504 -54.7901 580 0 156 0 6
3 1591 -6.78895e+07 1270 0 104 0 6
4 1183 -2.35696e+07 311 0 184 0 16
0 262 -38.227 308 0 318 0 6
6 1542 -5.94285e+07 1361 0 113 0 10
0 232 -208.973 507 0 238 0 6
0 412 -231.634 733 0 341 0 6
5 1177 -9.48841e+07 1426 0 122 0 11
6 400 -180.157 657 0 342 0 10
3 1117 -1.02739e+07 716 0 216 0 4
1 21 -13.7635 39 0 261 0 6
7 978 -4.02905e+07 1266 0 125 0 19
5 254 -318.788 717 0 275 0 10
0 843 -163.799 1048 0 87 0 6
4 1017 -9.00493e+07 1513 0 55 0 19
2 120 -9.5287e+07 1539 0 293 0 4
7 1595 -5.82198e+07 1314 0 27 0 18
5 1052 0.161245 1042 0 348 0 13
6 1209 -2.88077e+07 536 0 81 0 12
1 380 -461.319 1059 0 275 0 7
5 620 -128.679 784 0 50 0 12
5 147 -277.249 515 0 344 0 12
6 100 -563.775 897 0 24 0 11
0 536 7.10895 526 0 359 0 6
5 512 241.543 182 0 237 0 13
7 3 -75.5452 104 0 320 0 15
7 444 -7.4739e+07 1437 0 303 0 15
4 1335 -1.10597e+08 1346 0 249 0 19
0 613 37.67 563 0 218 0 6
1 239 -393.249 796 0 323 0 7
5 451 -98.2938 593 0 307 0 13
6 1249 -1.69422e+08 1108 0 45 0 10
6 813 -23.5255 838 0 305 0 12
3 608 -9.08551e+07 1517 0 293 0 6
7 403 -212.447 701 0 206 0 15
4 1160 -1.89364e+07 733 0 13 0 17
7 173 -9.28696e+07 1527 0 290 0 19
1 70 -95.9633 197 0 313 0 6
5 70 -211.832 352 0 26 0 11
2 375 271.048 2 0 309 0 4
3 359 -1.75267e+07 1153 0 0 0 5
0 363 -58.3959 434 0 290 0 6
4 8 -604772 1069 0 48 0 18
2 900 275.841 538 0 50 0 4
4 210 -278.157 629 0 166 0 16
5 1374 -9.38769e+07 1358 0 258 0 11
7 745 -1.36988e+07 1134 0 353 0 17
